0.4588843874092757 0.6735633962788171 0.9657339176424996 1
0.22485886576366113 0.021272527878019698 0.15589648700866232 0
0.4338783832969717 0.35213173369469397 0.8917127897772164 1
0.3520284278506399 0.4183210400055949 0.3258405341201195 0
0.8130747201185152 0.9820869458053785 0.8337925632247135 1
0.07603247736409459 0.037871635099383176 0.9135080976589897 1
0.4662183741512286 0.17573435287401817 0.021472614517401456 0
0.47084725945864014 0.2438657770134152 0.7474661168572246 1
0.22936185993027183 0.9774101827621926 0.8859420346973653 1
0.15242868984359428 0.13577445144139932 0.05334156850122784 0
0.19750099589610037 0.20212310775429143 0.6975697447610973 1
0.8788605857607009 0.2670781987854599 0.7611091166591004 1
0.6050983964505845 0.6970875007098118 0.81906249755142 1
0.5536363148197815 0.8225182312779812 0.3027341007444114 0
0.1985614477780072 0.631263668975362 0.11205575956535929 0
0.5322209350568806 0.7918799920193349 0.23060369952009685 0
0.13758616001257845 0.44325916838976986 0.7437870439390616 1
0.33080142795384526 0.47211111853138876 0.051689520815896284 0
0.0504926290739493 0.10938850950308379 0.14152431656944586 0
0.1445351054781574 0.7699739539207086 0.3568754613230021 0
0.17370798864905931 0.4778113935219578 0.3231038904200092 0
0.04867656438962585 0.43611343176866596 0.1846789439422768 0
0.8667443844961897 0.6488013308612228 0.8554216067746101 1
0.2841128618382639 0.8551439621637379 0.47563374493163146 0
0.8968612994104467 0.7619311562990939 0.9253361164035863 1
0.07882733487924827 0.397875457569957 0.28286358604039086 0
0.4657781525456598 0.6819112988592781 0.7979579359401489 1
0.3656392305247196 0.507851695180814 0.9567725864046215 1
0.06118731500563826 0.9723638663933498 0.04006585630750503 0
0.7082519588562711 0.861604572707777 0.056913792988938394 0
0.19398704966854916 0.1369424293229918 0.8111513114321165 1
0.5794094760197187 0.04976624583936918 0.8928609582921831 1
0.23433058415198174 0.3051862505283066 0.9141770672304725 1
0.7505324407771679 0.27522182250070126 0.11738576572098691 0
0.6208172021062576 0.01491558806481896 0.2055882231423276 0
0.2383804340965357 0.9608235037358409 0.44329988013898214 0
0.7234201953178865 0.6580556932836769 0.5552792050843026 1
0.050774211170877485 0.7299007424877133 0.9689558865655636 1
0.9131841868178958 0.4270119601057203 0.8985722559568309 1
0.9377631816948512 0.8122013410092302 0.8137102638786612 1
0.35854972130845714 0.1880671672118548 0.8787437092440712 1
0.14242866557303227 0.6149810097897142 0.12418080105752316 0
0.5213931775762561 0.15445302597134303 0.25889743066254767 0
0.39531149600303883 0.14484253765876587 0.573708873915856 0
0.6714315871457388 0.5885998135491952 0.32695604624433683 0
0.33482835863031585 0.6914662743571919 0.3542827365769089 0
0.9029925544046482 0.5206918341861686 0.27861351222510666 0
0.6234584102762974 0.9651168479278497 0.09385675675463456 0
0.5162280370598508 0.25955357695077247 0.36530397076739773 0
0.4096454263806132 0.6479734768384604 0.27522922361559554 0
0.7274228434364814 0.7272087714133243 0.06105400200540579 0
0.7219915126423448 0.1588885068247312 0.9891798279036005 1
0.21814328051580953 0.9234784953530933 0.14977073547367226 0
0.6992599028358198 0.047828312124394645 0.6655309998786609 0
0.9298688422580755 0.5718248123330577 0.14631707660715798 0
0.6132384709452623 0.10491965253922841 0.00913398873632243 0
0.3024230585359985 0.30649904936358074 0.514819133612568 1
0.4305967920353993 0.19663192728831416 0.13019624297764276 0
0.6369160472741462 0.6171518511663503 0.770483012900005 1
0.5451129388108419 0.9539195013592623 0.4071891372347163 0
0.3313516648288418 0.0804432223627839 0.8328582607829695 1
0.48702302012521 0.3722627678847128 0.5562284496149089 1
0.6789489390386215 0.8675646091267114 0.5753083730283728 0
0.5550248363023741 0.42873022174064856 0.909239219112993 1
0.4778501158610005 0.0968137853478197 0.43464342854318017 0
0.21934422744051602 0.6548172437672846 0.30846302452712915 0
0.18290474237749454 0.9008671170029403 0.2538796093543919 0
0.41895460612123714 0.6947879821674954 0.34533951406386165 0
0.7906821463245435 0.998534065936838 0.3514698080905023 0
0.08136085581629073 0.0964332155040758 0.9674269091820508 1
0.8801349069784489 0.13558407095855685 0.335708161852998 0
0.03564542712339775 0.20238156525570036 0.7435189167337662 1
0.01452017940182204 0.9235579799023895 0.4120558125811957 0
0.4128221888527144 0.010895452063289011 0.930291300767609 1
0.4273423889351492 0.46569559848656317 0.9935981372202605 1
0.5324436583763569 0.8475091678727537 0.4059699888424596 0
0.06226687332819692 0.11735056535527698 0.7106619883565124 1
0.05077968578186425 0.5665525698324579 0.48160838342459356 1
0.1628372917667116 0.08389807989672682 0.8315853122236416 1
0.45024360984932194 0.9631617436623925 0.34283948983974266 0
0.7624032970445606 0.17180955410592108 0.2508679032364738 0
0.4495905043611866 0.7317182176164508 0.7394005280419066 1
0.45687128373107566 0.017648898086071504 0.16006027608063444 0
0.25436730828846643 0.06311799001729655 0.393253627272263 0
0.0699644649044801 0.27771042362450726 0.70978555343021 1
0.6211707241920407 0.9606971403586391 0.7087619275374804 0
0.11586915703567245 0.79730043415128 0.5433429855008689 0
0.4942176110645732 0.49952116168074306 0.5372373354232606 1
0.36941863669021335 0.8015996487000729 0.9751407773773126 1
0.6116659996182464 0.8740268025860057 0.9892796559893181 1
0.5070281134260551 0.25372247594056896 0.9291465118653558 1
0.7218000094128041 0.35396999500869375 0.17176883347534255 0
0.44254287522868063 0.5087078503815444 0.17781237816750017 0
0.6839692678848162 0.6246615169835449 0.7331821199266053 1
0.1300201197909493 0.6586422404063936 0.26220141945392395 0
0.5583440931423804 0.9437659611994315 0.7279435707252995 0
0.9029993707190944 0.8146025670216264 0.9637277773604248 1
0.912765969185193 0.3504022045053865 0.6727454216399608 1
0.5195326365185928 0.44063632238372547 0.570820995499813 1
0.3120270953954768 0.8630240247373366 0.09934055518741314 0
0.5396246474696706 0.3049924547689482 0.6399186584545669 0
0.1941449187246435 0.6752544651949501 0.5201917388183127 1
0.6821793002103347 0.0794961890379311 0.017775706562339177 0
0.10021897886169685 0.5890289293806441 0.3573385153143016 0
0.7210749792208315 0.1658448056400659 0.43154349075322873 0
0.9000647562481549 0.19983341635479646 0.4447831646436341 0
0.3298884793045888 0.7636757345353448 0.3896870366822379 0
0.027620182065434734 0.9686506640701221 0.3936808895148606 0
0.826158587780482 0.16548309824203203 0.24366664776452449 0
0.4503918940744874 0.8460208766914571 0.9309929960929942 1
0.2347137133485279 0.5020013349568689 0.3423107375753872 0
0.22729600706740713 0.8787686707801629 0.20187707799072652 0
0.25659249737052764 0.4017207097032275 0.32202863648493874 0
0.15606493012509576 0.9177173934465214 0.08411582351845093 0
0.0056113094562880534 0.5352335155846241 0.12888504532527745 0
0.3087459864863735 0.22456440374052122 0.8600598411870212 1
0.7026061753874051 0.25887286616309557 0.944887052257469 1
0.3861043369967642 0.5659393521675677 0.6911014942494363 1
0.8946848080581453 0.9131549614215511 0.7641656784434498 1
0.8949179613187102 0.8066287634575425 0.3063617294985751 0
0.8291034294078323 0.6859540603635509 0.34295328973925754 0
0.942494591370147 0.7523482757920389 0.23176118649362665 0
0.7601073045126852 0.15050483999228148 0.9233382541204256 1
0.4230717449320478 0.6611883834983454 0.30544795564410565 0
0.7629504258635224 0.37566393570723067 0.49400795871689823 1
0.43454852651673254 0.12562132234896084 0.7588629924343644 1
0.4291195311108343 0.005432913896049719 0.5948119694666489 0
0.49279523785860063 0.7781529947052825 0.5626543312424335 0
0.0037943579696441366 0.23240208120430872 0.06910252249593052 0
0.8007844974327752 0.38793605032565925 0.45877449043273777 0
0.016107297837874752 0.28016724232392 0.9622708000153896 1
0.7587234859587169 0.5296716445704442 0.10988704121135295 0
0.02374351358813643 0.6698012288973975 0.07617878256914745 0
0.5129961020379762 0.6561939255520597 0.3180784978746295 0
0.227465932799337 0.10664031618161053 0.9703373956495445 1
0.4840107272574889 0.7839818126553814 0.4523732312261586 0
0.23852881386598473 0.3399529818468079 0.4087277447164198 0
0.3499256925211832 0.07860313904403025 0.21618387717153098 0
0.20002926496504686 0.8198574348385173 0.5255703617118549 0
0.8542651322941877 0.3016739801614823 0.006249192919287938 0
0.12640136365531227 0.14471954037580792 0.12788733228217364 0
0.8688413832673513 0.9493730037792196 0.20582071887334286 0
0.6050071539144801 0.10870220724133249 0.783497001357102 1
0.04347195164289174 0.09481958683606106 0.7706355238046866 1
0.26604210349105367 0.6840968348366891 0.4257518984179439 0
0.2401461084205303 0.12910119365353456 0.5111203710597314 0
0.0438767043918976 0.8070767812167369 0.9041563585525391 1
0.7823893671684609 0.24849814554218522 0.5348019646335848 0
0.3019205225413143 0.7407690848338752 0.7492277160282715 1
0.7092220405081231 0.7805001102720928 0.9678525624007942 1
0.6410606680521921 0.967440512292227 0.10456880777672195 0
0.8172163794768295 0.24980263645848078 0.09277852818826993 0
0.43065266135723484 0.4524015425574719 0.3864604128325877 0
0.23472755963890882 0.7090037058827113 0.4410850341327265 0
0.27541235595064856 0.27731523687572995 0.15610499614428275 0
0.13820688110643645 0.8244331034010683 0.11763165650091845 0
0.8483746904264926 0.762960239874456 0.6479144897945494 0
0.9066568706197721 0.8863679897497831 0.20636004809892894 0
0.039953378717382436 0.6165049059137483 0.6696897323306735 1
0.2174500978621768 0.4043920024104651 0.8807766189725525 1
0.7375979162229481 0.6773914224480913 0.2639390459211456 0
0.6343545676080384 0.6319871836918773 0.6440820170058171 1
0.419681072048074 0.06306555729435905 0.41299624004558666 0
0.3887142283275046 0.9058513270362933 0.4419934289226475 0
0.8653513014490044 0.07449296260067106 0.698847335607447 0
0.44520933120447775 0.12220846820224596 0.009265943685801359 0
0.5482142373271921 0.4631955267004066 0.585993848444503 1
0.011874803368882862 0.9458579055995812 0.32100139133992545 0
0.03767190433721004 0.3498270581334652 0.5052585960055961 1
0.6942930864938308 0.029461002302773043 0.741001624863707 1
0.7741868419424857 0.13859255222847566 0.5636484877157657 0
0.8462183619605295 0.8383992701577541 0.12830144671678556 0
0.2689320689996437 0.6207105536694492 0.3638410655865236 0
0.7998440695099955 0.43461762442885876 0.7134995351800462 1
0.29324784139119087 0.0906066762462141 0.5763137558695238 0
0.6319721434429347 0.4953785227104299 0.08290053576733492 0
0.8994160295217727 0.12955508328908405 0.16289971845862128 0
0.26179935111638136 0.725604737747842 0.22414171939685468 0
0.9275395096210345 0.10335556945724911 0.012967051190729162 0
0.1493553146127945 0.7785796239124596 0.49934656469473704 0
0.7286348385373396 0.7401553868463354 0.13796438963934443 0
0.4789428700444521 0.2623386472578227 0.7051262479188096 0
0.7778418317303346 0.5891263558385035 0.7057658462380774 1
0.39020301061055906 0.2785098241397243 0.3402513444245593 0
0.6894998782615077 0.3309697593927038 0.9857851444040993 1
0.08488672233766063 0.845630120657146 0.47550826665359225 0
0.5536363148197815 0.8225182312779812 0.3027341007444114 0
0.27416584216245965 0.5245201886093872 0.16276587654836028 0
0.8100459471295265 0.2851419791333765 0.08935173678017927 0
0.8769769798919544 0.4750997488280887 0.7567861069889066 1
0.6017208659427759 0.4387017594863996 0.40566475314576955 0
0.8630147582730863 0.4634443664861998 0.47891755642528977 1
0.19305453960356098 0.3732792036138425 0.25074947988128726 0
0.8487375856270932 0.6277191243201781 0.6367005241695202 1
0.5264593249354788 0.7704000365928907 0.493232042160645 0
0.41975440053402396 0.28510808444421254 0.43803111380536164 0
0.3708230381457426 0.9363539871537496 0.4254811389416452 0
0.2872688701882109 0.6094998576484302 0.7722664990303296 1
0.07825086076662477 0.7663179116742994 0.2058835821246935 0
0.6994403347701467 0.4211123126219321 0.7926271004653893 1
0.793155662432658 0.6215759345638003 0.948410638252507 1
0.9747741490643277 0.7024776589155983 0.9816106562569813 1
0.3309438581120906 0.5630878973791937 0.8485329134582974 1
0.5684638609015782 0.5597547369482834 0.9385729683996766 1
0.6269448758159457 0.15571901552817036 0.7026336587169335 0
0.9014345085878853 0.5297769624479689 0.3022696226388579 0
0.9112395041183119 0.46568554298151804 0.060372142336723944 0
0.7869200811656358 0.7358575583489817 0.33510150833324615 0
0.09358109019177224 0.5694991615772362 0.2984874532933569 0
0.0010310036684834972 0.22738914717484104 0.04719274693536024 0
0.870521744770094 0.9929785549749525 0.4076958347020063 0
0.28475889579144165 0.6669304549936964 0.5437906509637044 1
0.14998601431459244 0.6402412890243322 0.003209363852144098 0
0.8277429563578829 0.7328827816984906 0.16261986504428516 0
0.25915904344193064 0.5585750780064663 0.9777103164919652 1
0.5266038000452211 0.9562569609831727 0.22158794046072716 0
0.4744167075038665 0.7207046423263576 0.2216410796096714 0
0.13264759960684686 0.7685965027273207 0.13439661061639496 0
0.7770939262734797 0.6582974374269068 0.19619967673515382 0
0.9979236031279584 0.9457232180997868 0.007652032749091986 0
0.5263449246888697 0.0687557370478724 0.020187780957363954 0
0.6859155120714285 0.4636505934298551 0.8377327099178248 1
0.6534971805249272 0.7663791927084745 0.03633282769152135 0
0.8177113678901982 0.2918883363415052 0.8685319966334502 1
0.4408503975658627 0.010754806785546077 0.9949747350586036 1
0.43379324915985396 0.6178401173775314 0.40062397529793803 0
0.04555066485649634 0.14901821540663934 0.7780620213888759 1
0.914129985594393 0.7330095794201653 0.5420438894267186 0
0.4161194055393295 0.7045706826514662 0.1136722869934399 0
0.6531001929003315 0.5760301449185999 0.49924126583863965 1
0.9419821090039586 0.019806252617204922 0.4694441300845007 0
0.8893544496215949 0.36343958885332694 0.582688640722515 1
0.03742417852507975 0.3380347510594489 0.6040217232840217 1
0.020232961851273743 0.42396086070385963 0.5903367670521531 1
0.27677243801300017 0.5804056608219862 0.6805861825950814 1
0.2437131379798562 0.3989884352027792 0.10761742640765826 0
0.16860800140845067 0.6084181042087174 0.5423371074878132 1
0.872559675223774 0.3204187031077024 0.027655780893724002 0
0.1739944252486096 0.013428771033025973 0.7128045248532784 1
0.375362198765963 0.8867882802604016 0.17036179451583122 0
0.5364690299483375 0.5820131791626212 0.680659316101194 1
0.36697159488498204 0.39491390190195097 0.821461066419387 1
0.6914254481334599 0.5880353009202028 0.2593530916169233 0
0.8386487998704146 0.12843917912177594 0.07335976844382375 0
0.27298000090571406 0.9543955726474067 0.9826359853813014 1
0.05208780804468618 0.8652834100001489 0.862118885051245 1
0.9865652913009665 0.4882095595891901 0.5679113588486235 1
0.11833165609775602 0.06753637116518763 0.21193024667011973 0
0.5712806770734914 0.5942584909826194 0.3554728695185473 0
0.8452111515019816 0.9647498219512981 0.9396228001046321 1
0.4938905612606234 0.6255638261380085 0.19732912562566407 0
0.49687014910165767 0.24528759331821096 0.06100221236167436 0
0.277844591004899 0.32683481409482606 0.4271542324190142 0
0.02039453848232628 0.6557259987671068 0.29875959960328813 0
0.2596407670010177 0.9214549416492884 0.004275066951033524 0
0.4132306466961293 0.9088902077014278 0.326795454537429 0
0.4317243588073516 0.6604646453241297 0.9119931811890006 1
0.3934202422449038 0.7555534089995353 0.4178502202006402 0
0.3779694683464198 0.8428867864346027 0.3880132454660159 0
0.5586001769184761 0.06779689279068146 0.7202780008459867 0
0.4230234431839355 0.053582125709594766 0.6792502348544338 0
0.16425517385489538 0.07554773316243368 0.513805173086187 1
0.6244730322583736 0.9864837265303287 0.7327045151809463 1
0.5336206288416233 0.7236979327041686 0.19666274334251044 0
0.8302322173572104 0.19815355505627588 0.16404537888598092 0
0.29592504840629125 0.5990191225027357 0.24249096097257106 0
0.5451073039027462 0.8976554839929272 0.3087962797733572 0
0.5764791318874396 0.3902806599782802 0.8800137690589044 1
0.6369221584497562 0.9325601485035274 0.769879801446091 1
0.3356499466426055 0.4081536898236282 0.7073786477387771 1
0.30719757305996254 0.07239337407019286 0.32704329315870684 0
0.3333181076472436 0.6143447079340345 0.45206523870830595 0
0.2424483863826709 0.524642351894371 0.4463901494619742 0
0.42600441476360457 0.07877840080221465 0.4679487673231768 0
0.8462183619605295 0.8383992701577541 0.12830144671678556 0
0.04888488402965294 0.07119226671259393 0.3273218385201374 0
0.9472443006353307 0.652755273515522 0.46221990422149795 0
0.6681326301712099 0.28678053861696445 0.461183656280196 0
0.7104145856899726 0.6058021294084203 0.34436600407579665 0
0.627992786873962 0.6796880269214333 0.6354155526838509 0
0.9525270786224784 0.2695565404985786 0.20689513802403436 0
0.5783594487269594 0.27853809711823224 0.32134871512264085 0
0.3349996534480682 0.01420333915466154 0.16942286629001835 0
0.888138313574795 0.3235199501286896 0.9567201777836222 1
0.7295662165138603 0.41547442502783394 0.4408856453309815 0
0.005440323626881723 0.740608066455866 0.16254325480009468 0
0.527656933954056 0.9237621161518871 0.7357296024333869 1
0.6513234742066071 0.47207058289325965 0.9571671681898551 1
0.1309926520440788 0.2860256620603112 0.3299253491608921 0
0.8025061529520353 0.3539563139116919 0.5634379187219728 1
0.7829795109402667 0.6173828072817218 0.6060530273652389 1
0.7840993928820247 0.834826894781565 0.1641484782958953 0
0.8133381814481123 0.3648515468146183 0.13330257976762638 0
0.5596263843877884 0.18088508868282116 0.04580002826674645 0
0.319389417528441 0.36630827416502976 0.45067856868547385 0
0.6632534472402376 0.4002578817763299 0.17826620359715195 0
0.6575509801406935 0.8736152640382477 0.6457699674301041 0
0.6848300394128268 0.7743633970344506 0.4222839748827255 0
0.2671651275988501 0.6781434261541885 0.40717711282236535 0
0.8428833658523677 0.3024983197931427 0.1572285350659388 0
0.43985198296895384 0.5714425066060376 0.31954955962897424 0
0.22539755696797148 0.3312164726139135 0.9230146481989386 1
0.9791874852310252 0.5888489493162332 0.6307580556251369 1
0.8957546487854422 0.12225042421283093 0.5192216571123303 0
0.28744193330937806 0.5422806834907186 0.7056006289097625 1
0.7904207659161151 0.8948087053399312 0.9008843802418883 1
0.8108370668017874 0.3865273301626553 0.7522009534977512 1
0.5698179910615809 0.745891167878578 0.3055962970606966 0
0.6684029820496497 0.017125697964764375 0.7901452030751959 1
0.003951424699044546 0.8983808575160395 0.07363863267885484 0
0.23876323354503073 0.49117275529991433 0.02037687249204012 0
0.7083461823543417 0.9120954909822289 0.10313110130158576 0
0.982284202697969 0.9075891717933324 0.32474845701825394 0
0.11730968601119947 0.9867945986065484 0.024838977653455663 0
0.9873157512059411 0.08722458969257353 0.6480718847617272 0
0.38762584927382265 0.10943902645157777 0.06418608506556767 0
0.5410920161561846 0.884901746396027 0.3879476010309276 0
0.26282013587710046 0.8154523104325645 0.03476160810191231 0
0.5418504149696232 0.7737772493698565 0.6448235826216284 0
0.8185219120709941 0.13478317550553054 0.06398098767953131 0
0.42230575954319693 0.1312739900303992 0.35716874402367205 0
0.3879336966171731 0.19903019365827246 0.823994928613695 1
0.09740303307732343 0.5637013214828308 0.057288296925916304 0
0.49312684766434883 0.5144274297271486 0.2716052403566379 0
0.8499282657723731 0.8681935324277981 0.9627457334724939 1
0.16535686655627274 0.3313371895572558 0.604922034126873 1
0.32824142279008 0.44089590872526196 0.24682672177066822 0
0.7594444173266981 0.5556346554921738 0.10516336340982002 0
0.8576164732323723 0.1397739344457909 0.8405844538552274 1
0.38868843111891305 0.07058643714059909 0.7078235395944161 0
0.12546251035754064 0.010373025542902979 0.9859428891742584 1
0.6155815920385468 0.37503991712435375 0.6151500631924683 1
0.25556202969285147 0.7112814636477648 0.35287566184142083 0
0.5762167105895477 0.018021574999512954 0.5458024169892474 0
0.49305578554562607 0.6266876848384275 0.22342239697467103 0
0.5060786209321372 0.853169575868489 0.5892958433049513 0
0.03085515541165691 0.6265751396582058 0.30159408887559036 0
0.6723134083335425 0.39627692153747585 0.9564846741250118 1
0.7434215008631112 0.6500318547690147 0.16732706189671476 0
0.6503191087518917 0.15271221101405463 0.6248414251727029 0
0.3673045685144953 0.44561812010051005 0.6778298382699025 1
0.8897298756163313 0.7539183399795858 0.5655414814120151 0
0.48058652704531246 0.5186929765184903 0.7740453628600481 1
0.612936183826415 0.719616464905541 0.7304677049668914 0
0.3330495126793765 0.3983010854275052 0.07120079161720283 0
0.26833059413000004 0.7067030569243639 0.20773587110127867 0
0.7809430190355557 0.9173415842695384 0.1668592344314307 0
0.08980756901326507 0.1854595343609942 0.11470810755715644 0
0.8914844375709458 0.23947438978638128 0.7344041465813494 1
0.7135611262419075 0.2041333061235109 0.21185220134579386 0
0.923852720164243 0.7539064131071097 0.7001952956104106 0
0.37492669647884136 0.13520692635175713 0.799395998087966 1
0.6390014163350018 0.40439725638519236 0.7606684562048545 1
0.6107570327537585 0.6199982867048297 0.7176350526886544 1
0.019664750305281132 0.5902332545487953 0.13159242446766617 0
0.1842279183724884 0.7881335379882048 0.7942569759794013 1
0.028939413624317508 0.5389278339617263 0.076993652732947 0
0.7121103460215941 0.7658187274392492 0.3849644873495386 0
0.8731806103994064 0.8584986328557079 0.5788232265884824 0
0.49979136447050276 0.8787261431408488 0.5097933178060844 0
0.8628219662677484 0.4192531735563961 0.39320332696796056 0
0.2324253482055507 0.938942998705997 0.7329258527617152 1
0.9837428153704803 0.6105947647866663 0.17541021772484577 0
0.3385005324997003 0.8992187332826159 0.008889512416809131 0
0.9122124363755157 0.15733030639319542 0.5831317998138118 0
0.5249349022859885 0.6669755273836095 0.5590432502811992 1
0.6221049648809397 0.8951197928015051 0.49177532984404204 0
0.9115311678167937 0.6506605260971264 0.3592441380425001 0
0.43849405732577884 0.9435867044360865 0.9166390336751177 1
0.1291484910492772 0.7372344355318923 0.26478992023628223 0
0.7926797037166627 0.26671659396088865 0.519266821031548 0
0.8549080465852368 0.07399129610376298 0.6111145979806383 0
0.45654587907318966 0.2905406850212783 0.88818856991567 1
0.16618174601923003 0.17321549087451252 0.4576657288131779 0
0.9983760882327211 0.8331291507087126 0.011367832426716795 0
0.4305374577319288 0.721939353717634 0.14835155793779797 0
0.3702049523757992 0.9828282013689947 0.03860111230841856 0
0.6491686710439498 0.8222448873958401 0.16027520462169664 0
0.8356764529410283 0.6613477703966286 0.38278092948907017 0
0.6810804473859131 0.9071811306528811 0.13092002910211242 0
0.9900571859991596 0.514321280209103 0.7140887673733524 1
0.8965276688902584 0.5063733624623155 0.7464288955915074 1
0.7328540968653927 0.5438821504304256 0.7343627071958863 1
0.29250155678130374 0.4970691201697016 0.6405820911377581 1
0.29308504959892223 0.34570181084916013 0.6645617651406293 1
0.8866143593982097 0.5603887458790382 0.4694477932284514 1
0.7696499923880484 0.07886294188175336 0.31242773108339184 0
0.9521742517026646 0.8921172221644273 0.4986777684243516 0
0.30568643390890676 0.9763994387707351 0.05873589218022712 0
0.4830633525523597 0.43347348527235624 0.20966964870766602 0
0.5739469968220369 0.8406064458402513 0.4991077049716913 0
0.4223972851109883 0.4971528229639546 0.8132632908800936 1
0.03684743862559706 0.9035804350149683 0.1655899094657557 0
0.3223138748535007 0.8830586952305749 0.5955233308286091 0
0.16327940539144392 0.7082813435973347 0.7856146934377892 1
0.23605444877805037 0.8654549407007326 0.7805063656265111 1
0.4789601809881084 0.7539855184415496 0.9337836026007642 1
0.8796932009797384 0.30715258171830706 0.9554362549209978 1
0.40927105488050175 0.07080806645128657 0.08117205461229415 0
0.5465630888793134 0.7527805452275135 0.2770188312170131 0
0.7599683788720937 0.16876530259794667 0.30924062508162886 0
0.28361026865274985 0.31607872092807043 0.5477870377763056 1
0.8843850082984845 0.884902982427319 0.6523812449649372 0
0.0016770528540543562 0.07558008824608187 0.15374258158132859 0
0.6357239325482786 0.1073288709186293 0.6039118274042174 0
0.0899171332934913 0.5360379499370423 0.3304341105967161 0
0.8214983162029542 0.33499286408675477 0.5687071589378148 1
0.013290049397296192 0.8649537125069516 0.816327492981181 1
0.7668146854873205 0.14366778493443888 0.07748828881705638 0
0.9801059747424508 0.2234473889448946 0.6969581799833884 0
0.8543866455977847 0.05891984976448105 0.5442398097934645 0
0.7919372845104616 0.8178631294772138 0.9416485766751787 1
0.0817788356381558 0.14734136144982724 0.7013563844460997 1
0.08091230225164371 0.877078406714185 0.6801610285816948 0
0.1943493726857825 0.1111653202346282 0.5686326658025437 1
0.9965282240979915 0.5106622751100081 0.41969412037989484 0
0.6119736513785804 0.8794898110040197 0.441540123528544 0
0.4215345035177967 0.33295700629447944 0.3664660243316852 0
0.7738566685747726 0.6018925635806274 0.7958384730253513 1
0.2575001443998855 0.614185797759266 0.5719172266744738 1
0.27936969037338133 0.20045226409376948 0.7271214465996034 1
0.9533769856966636 0.6672106061083903 0.5418139360026701 0
0.09634387129251243 0.7106894148271655 0.3889881031244281 0
0.14172698015304191 0.15239028945301633 0.01469337095269485 0
0.26190610416402754 0.10310535276983714 0.15373232816530003 0
0.1450174889733946 0.8456096163210356 0.34349550483927016 0
0.4088953402522927 0.4580148320695254 0.0017580793704509157 0
0.9279550119245313 0.8915933754525593 0.16797272536722163 0
0.11944991019698649 0.09727490582332399 0.32398990716912035 0
0.043559612827069986 0.7912115032231141 0.4567371146502177 0
0.4937149198294019 0.18730002956176747 0.20034378296221123 0
0.6375043999982418 0.5081564978847282 0.4733376017228018 1
0.5255721483858323 0.025972867449603587 0.8164215790462631 1
0.232876516743369 0.8930935259833817 0.48540778697205184 0
0.9852889402748083 0.5117574246105869 0.44406380660649125 0
0.040466591475451126 0.4841249700468505 0.988635380338008 1
0.42940296265182704 0.982750541234531 0.677326677464792 0
0.7687168511383558 0.5816955615140659 0.826406351105562 1
0.14159712757386372 0.05040920444833308 0.6272860315217355 1
0.04171697813983758 0.5284834777250795 0.9617588298400728 1
0.8732429331177258 0.6594246976147135 0.5897925590717672 1
0.7833814071817532 0.9323447433702249 0.04242913254144509 0
0.5707444694975506 0.030514625083397418 0.5022975443656845 0
0.6526601034419448 0.7889767927381139 0.21062762927103085 0
0.984473800793339 0.7560149208739313 0.21661093453568048 0
0.8932953152947192 0.2992035347791714 0.3845321604545786 0
0.2583456831411753 0.3610997882660474 0.67042147632337 1
0.12261029340860646 0.3889665107956358 0.31923470385709096 0
0.5585469995953978 0.10689839516077626 0.4805182312498535 0
0.5257829567194662 0.2270799934514246 0.6775459150505586 0
0.37705275221266116 0.4274724858996063 0.6889497890047841 1
0.044819331813260664 0.8401934207749652 0.44844926257798956 0
0.4505966550094949 0.4056385151743702 0.9457529100030933 1
0.1248606933880374 0.6085729550793083 0.16332014149025165 0
0.7858911363288797 0.5662525213720798 0.7112155131381463 1
0.24021076837534294 0.19001063091649972 0.29289644857618846 0
0.745126893678299 0.2953961615538838 0.9134899904336082 1
0.21233686220347223 0.06895813837866417 0.6467321191281025 1
0.5850222989643192 0.9943233246414431 0.1358622480771745 0
0.8991980288952887 0.4674681624030784 0.6242739492236619 1
0.8570592326271578 0.2672368313224646 0.3659125070639545 0
0.1342782858719329 0.5700800431995793 0.31287268178834327 0
0.5264005939738737 0.038743647466967124 0.9797344138706924 1
0.697715764904478 0.7029792594150552 0.9580581857789164 1
0.4687223000503396 0.1142167275531567 0.6928221413607057 0
0.034050139750173895 0.8566781618824072 0.296241370355786 0
0.8813287638645991 0.7983359586497127 0.430108060510656 0
0.11927322094873186 0.3803675594471937 0.7666139490563495 1
0.024489403260207755 0.6924871934913155 0.6004396460881967 0
0.010862104398645404 0.3331164259035191 0.08667475188644125 0
0.9317769250692505 0.6748446488622696 0.4730364514904696 1
0.4258563422569929 0.6272769532516096 0.12950829109687378 0
0.08841879896643663 0.5279399649095207 0.7526604225594015 1
0.5254409088958013 0.6484591840610667 0.8507803194566028 1
0.39746368574834684 0.5831351421850751 0.5892707650496958 1
0.3037235734429641 0.29399046382703 0.5572875855585314 0
0.9171097313709141 0.44645663307833205 0.9601938174717096 1
0.18862307800974873 0.22794191963561572 0.6666881777497365 1
0.11360682083085565 0.5051683285613652 0.7969948316444774 1
0.7283504787216898 0.22491005408614942 0.16273191988847568 0
0.7914987320183625 0.41515747831407157 0.9346565905043517 1
0.23764597036377016 0.6351216720436714 0.7516905360201764 1
0.11882707011325602 0.7755024084484112 0.63645533788232 0
0.6128994396369462 0.3346712616994416 0.14042655772209334 0
0.8606912857635841 0.3150197589652407 0.06624264267438895 0
0.6144093805360153 0.3111885703633199 0.8156143963075233 1
0.33898362859096415 0.4894155693833958 0.7353610695161287 1
0.36600175325739714 0.6620069781078056 0.034644699061492146 0
0.3585300647797413 0.159204028597143 0.4832927035752833 0
0.673337915366663 0.4147045546922433 0.9182176063110331 1
0.5794094760197187 0.04976624583936918 0.8928609582921831 1
0.491921447547605 0.19753942757023113 0.033627325525991125 0
0.6611604475435697 0.3286535554614848 0.6442787236479431 1
0.8166361524654586 0.3387309889189832 0.6810289783872668 1
0.00626291650207541 0.7941275967464144 0.1413824394706843 0
0.6220250234554604 0.22564733362233122 0.9595525990807381 1
0.3752855798955592 0.44173851145260823 0.05353374927123189 0
0.9454016150544534 0.9837534731895592 0.4551690067124192 0
0.7551011287949819 0.5456380945908545 0.7858595355630758 1
0.1211343395099512 0.2964386615000556 0.4203535654509146 0
0.695869928849186 0.7222491781287829 0.7817954899680088 1
0.2383804340965357 0.9608235037358409 0.44329988013898214 0
0.7381429323007722 0.3044587686928343 0.6837826226432004 0
0.026361209174784964 0.010481217073040389 0.22301129109421136 0
0.46221452852924827 0.7213706379087214 0.600362250220299 0
0.19744021932312605 0.8460946869677298 0.2992011508097493 0
0.7677615250183667 0.6596449802560076 0.030503054263287144 0
0.09076981659594598 0.44827782443237896 0.8781866535731255 1
0.006281922394046757 0.10340523090933795 0.8908911670966358 1
0.29698503284846667 0.7163469932608728 0.07738607253214036 0
0.5767032192904287 0.6828619270741697 0.7102073515958955 0
0.13297277352619344 0.7398368144071976 0.10203806039195895 0
0.47822906262616766 0.3344941805843207 0.1473195401358559 0
0.07297051906993533 0.8666898750402728 0.6406513040198086 0
0.13747187502799146 0.8606841104576858 0.46206045441250154 0
0.14701605844273596 0.8585061301542896 0.19124377185868535 0
0.3231802200390913 0.7961511281972299 0.017708126847325145 0
0.4125990129570838 0.9146317639221028 0.8593716702827694 1
0.7920388288721364 0.3375616193876775 0.4744986137153283 1
0.5850472210980093 0.9330501609641919 0.15897846393249193 0
0.8002906182555318 0.7319890337910574 0.3131627536638333 0
0.6187912519210438 0.6964023399506748 0.9677877368746765 1
0.02832471663625148 0.06690290009991018 0.4325234036551622 0
0.7254413844068274 0.0354333301527382 0.628779074344563 0
0.713269030681857 0.9283273942833975 0.16761016478920432 0
0.22737910381813195 0.11320255793109912 0.16790740542822524 0
0.7593903289193007 0.18983473320773195 0.488613251613413 0
0.21944204408507798 0.6969349776370282 0.27509823192231597 0
0.7966927039516218 0.942679787952191 0.8719380426851747 1
0.9845400545658517 0.7500892944757874 0.37835925025692163 0
0.01586009808223173 0.972311331417496 0.9834943276162899 1
0.7911879832380103 0.9076904775971765 0.15410705368512212 0
0.14941081925816324 0.292574378583296 0.23379862838028642 0
0.9048679786715987 0.7431073090942716 0.38418664404939784 0
0.6842664960941056 0.1175354740304785 0.7318385482985099 0
0.09516064104259983 0.1345492325701344 0.7999414932797853 1
0.4506195248272234 0.844934671634404 0.9936822905045123 1
0.7616590893998512 0.14601623189301116 0.6473718636858783 0
0.03858638935127967 0.22495891288988468 0.9062944869233507 1
0.9077104797579295 0.4842212019408567 0.22911964362408566 0
0.8879131319645034 0.8809702012677404 0.8604617656006732 1
0.5142338554417029 0.18969346763476413 0.8746192421408301 1
0.31736180794141133 0.009725806506220897 0.7666731180474003 1
0.40831366431998306 0.34589484945234605 0.8137088931839334 1
0.3541076791950289 0.3237528907101953 0.03691316020865831 0
0.25359440321305854 0.9806773739383936 0.6631585944115068 0
0.7705457125681203 0.9014682472961476 0.2776872740135553 0
0.8740879433673652 0.8583581343798911 0.6430845680865148 0
0.8965560543717348 0.95945747590237 0.034893116125271795 0
0.6421542850257052 0.1154825327317157 0.3125231740953398 0
0.37212481735430486 0.022867371826456147 0.22857816986632296 0
0.1177869151997663 0.08480055626073635 0.8979293901538157 1
0.1924960733008474 0.8147983373415371 0.8900212059318112 1
0.09208599616003853 0.8432563686812514 0.6074352484947457 0
0.27541235595064856 0.27731523687572995 0.15610499614428275 0
0.15742170381045276 0.14890708685436752 0.449327893832291 0
0.6385405541265617 0.34892842608251107 0.8244359466348685 1
0.29822808212082585 0.26753455874635945 0.8092893786066285 1
0.47886484864457796 0.2796578563549472 0.2537427926424165 0
0.9710863322980099 0.8094704210268812 0.8312808812585581 1
0.3971374674851444 0.4253183014840004 0.4460233457671292 0
0.8257454921622362 0.16233924621691276 0.8996489748549964 1
0.8547692466047054 0.10032025705444203 0.6930813306430145 0
0.03351355930885014 0.0533234897169551 0.6630739644675862 1
0.9371943218759565 0.6180430752306669 0.3854546231605722 0
0.7825714488517918 0.8447216908981625 0.4058754507876615 0
0.9106162454381351 0.44769670977846826 0.92077156578862 1
0.9574185545176529 0.25055815863726705 0.42775603242667726 0
0.4170789066866646 0.5320141709008535 0.8172667527864785 1
0.412792139364883 0.8063242766801281 0.9652090901872331 1
0.23863527693843148 0.12287566811230644 0.028112969269086685 0
0.34067103958554157 0.5623609953490832 0.6861697128216944 1
0.7276822553363981 0.11444175389636282 0.9829218898259948 1
0.2091328863453819 0.8650530495616191 0.03143733945250082 0
0.6252025665717775 0.23430129166055091 0.8466525112021622 1
0.08477059726592433 0.6645421994527635 0.1630432278788394 0
0.7986431711011914 0.6201870725636278 0.3355158626099891 0
0.30875130198383793 0.5366139874027224 0.07713921468238649 0
0.5778260900028398 0.8624304657752537 0.68372285041218 0
0.8979888740226164 0.44847658857498884 0.8197525108928214 1
0.7948142158569022 0.70497591829343 0.7649879334351998 1
0.7717199946341945 0.3945517655550237 0.6441630952096745 1
0.24021991289732703 0.820929520390762 0.8247925533342558 1
0.271697693302058 0.026212728680559565 0.7853630440286306 1
0.8279385459931263 0.4999311094244139 0.9117189561068213 1
0.7645924059195331 0.7969106972484566 0.313230329015201 0
0.29288311492220875 0.7775407725906344 0.07905296131568085 0
0.4458335280672085 0.17668496622896793 0.6548479277416561 0
0.6125223352914625 0.36678731447742197 0.36641655328026723 0
0.7018702719018337 0.8100695228187973 0.20859076639468266 0
0.9318420421057689 0.17964139350660038 0.0959591105079669 0
0.32164654083421207 0.5209046379518272 0.7504781332582963 1
0.5015935632937003 0.228155716996572 0.6154935195680329 0
0.9035607115751589 0.7636361508515707 0.41407439092253295 0
0.8368767092538116 0.3848268688154384 0.9523293755341511 1
0.7151743873253403 0.32917054771828114 0.46587208655685053 1
0.155790480592973 0.01306449973918755 0.6980770680327689 1
0.15498434562574911 0.8531671795588864 0.4538436498449746 0
0.14016561117781942 0.5289560342372914 0.64418222721146 1
0.5711457687473366 0.6955320771298176 0.43436760967951904 0
0.8265172328790791 0.1597217167306677 0.5927849864296542 0
0.3130626542560061 0.6307275486919273 0.9604524089322275 1
0.2576254167863941 0.5670801857575706 0.4589236936606066 0
0.31565813113800073 0.3632057606626341 0.7696147478357958 1
0.46288987682746624 0.40885418724819467 0.6242836387645897 1
0.9092080221983835 0.8930335343909335 0.4758713031232771 0
0.10505893118777122 0.8130619602074095 0.9470042179535946 1
0.8864909826026297 0.6139933997031478 0.7705610296997105 1
0.08163093870456695 0.884391702698441 0.3017039014723928 0
0.5139734531300336 0.2636395409703467 0.3172190941004165 0
0.4594340973308136 0.13235586591702586 0.1112939752966341 0
0.9457301133481758 0.39806341841949877 0.9924443998589545 1
0.7894012419352321 0.014495967148355219 0.1610045162408933 0
0.11833165609775602 0.06753637116518763 0.21193024667011973 0
0.24676021383384636 0.6201550340439945 0.19364091920075077 0
0.009825609835400812 0.8381799450289538 0.9785265672556248 1
0.2131755603290437 0.36293367592679016 0.25578820780953204 0
0.3146612901424744 0.7346733954862026 0.8593212365997037 1
0.19295779383749598 0.5005775543822587 0.6298304320324541 1
0.7695091644335506 0.8327585006470078 0.9762868752774557 1
0.8884735759638457 0.9350832041679322 0.873197430058122 1
0.9673872049433595 0.050958844441187263 0.6328836745613924 0
0.5199380805452116 0.31329277304403413 0.8925229637361073 1
0.5974617654797538 0.23551126983261175 0.6810430761900741 0
0.41855686153437077 0.6729548495900407 0.7315940770715083 1
0.5711609799432839 0.10789640373548937 0.06752646912526905 0
0.7829620068893469 0.38646035580836346 0.3846323857864815 0
0.9756741997796633 0.2966013358847009 0.8642672572205431 1
0.5337688403142292 0.7997241216538925 0.6003073218012348 0
0.3703229987231186 0.34891009524916855 0.9177165525123964 1
0.9472965756812671 0.09420597808539177 0.21293685498945847 0
0.0927310185176978 0.5347266811956071 0.4500369857955061 0
0.7842945839945422 0.25869605870098933 0.292739395637421 0
0.6494060153828435 0.5280768553307161 0.5494013470059441 1
0.12116381039888044 0.1418587689287506 0.11124238001096465 0
0.024264086123081945 0.8647579592331021 0.23010502545448885 0
0.417886460782703 0.8741489451129342 0.4635944140433217 0
0.30467660006782543 0.23787059479661554 0.30673592702323726 0
0.3602699321756303 0.6800478050930536 0.10577639701232078 0
0.6238471451341121 0.9381384052679467 0.691144110303928 0
0.47939224906662364 0.7929691743671603 0.9693340077261556 1
0.555459391728284 0.42238667007080066 0.8532535269808234 1
0.8652147372267183 0.4177953404808965 0.19909502735514617 0
0.5546845544896023 0.05585603121580474 0.18127255506346462 0
0.6061357711191511 0.9981138027333439 0.7891798988500079 1
0.11735174168094616 0.8826218212390375 0.6190647343172534 0
0.08283302804681178 0.15736963089850423 0.8231903711031033 1
0.30356519804892035 0.99986479091026 0.9557718145369569 1
0.2530036836492608 0.6664143701674918 0.7781607376509664 1
0.8187866461439686 0.5864267390410026 0.6819135403170277 1
0.9558504887767106 0.941457724358462 0.06250624980012065 0
0.7058789786949685 0.5469681087287237 0.5643960181520653 1
0.6896633625699985 0.03137839898344741 0.9750592944232541 1
0.346698726379727 0.02346645271635039 0.22998596998719523 0
0.9673594125066075 0.3364954000892152 0.8499638603747736 1
0.7117976300610453 0.3450279988703002 0.3857560175263487 0
0.7226231902318692 0.7553899538099993 0.8645670027351328 1
0.710479009504922 0.9619318452822472 0.3227607532645387 0
0.04932362827942846 0.3737219226543975 0.19438379065716194 0
0.14135083929311626 0.4505550298937794 0.6617661490876504 1
0.5312073256268468 0.6756191415842587 0.7260064693992765 0
0.6072314670631267 0.5619393082012902 0.9840728044741966 1
0.1945914678275384 0.4782522472758787 0.3905514188988207 0
0.015130949734620465 0.884659232656633 0.648755916235144 0
0.07458395809303126 0.8498041311564676 0.416689935412755 0
0.9667467967543474 0.9987500217605085 0.04560981916220219 0
0.6584412475636306 0.6356487605205678 0.37992827880221614 0
0.9148282402413399 0.5543150607161846 0.36313804230245794 0
0.46584808172424086 0.9699895857237332 0.3639127110412862 0
0.8258277235772025 0.29807051982331034 0.8963332862696122 1
0.3376232546495139 0.5190083547140332 0.6191889965972827 1
0.9677718591003303 0.4594514720696897 0.8783141554664308 1
0.36640903815320636 0.6076984169724122 0.5708469609257132 1
0.25624741718694405 0.5698242781370676 0.8927530389269279 1
0.8675723078573916 0.027267550665785237 0.5943751556120418 0
0.08699209801958728 0.24556870990992863 0.010386973792507859 0
0.05302789760204141 0.3960151444732301 0.6251644026436045 1
0.48093834144901093 0.21507462015459736 0.28554618479594607 0
0.9995292610478259 0.8560203142487802 0.32395060974394585 0
0.5080615886570932 0.6638355661531717 0.4900390291313317 1
0.6087992885753427 0.9654214970310314 0.9804541242848346 1
0.7559438745793837 0.6546785719076045 0.4947953338822765 1
0.3019036231099045 0.4224887641602436 0.9973738261886048 1
0.4687624411577998 0.7655421012564342 0.6525369941621141 0
0.2680593878952857 0.9911800959211056 0.543286007032134 0
0.8242467716790524 0.6444255004378073 0.27489165704702856 0
0.9349314074915467 0.29305817399257567 0.4306335487140479 0
0.7070189368594996 0.4091473441663882 0.8262924146425008 1
0.8606743524637107 0.9583922441300772 0.8608644336784633 1
0.495703034842376 0.5116344537158259 0.5438783845285141 1
0.20866887472687573 0.36346609303668753 0.2207537042873261 0
0.8445632108963235 0.9815815482104098 0.9602010947715587 1
0.614062035613502 0.32085473733997305 0.855259553246215 1
0.3350991221675071 0.761766821206018 0.3267783888429482 0
0.7842945839945422 0.25869605870098933 0.292739395637421 0
0.9112292140099465 0.02678450473081551 0.41464500655440484 0
0.8014926659307956 0.14235283355938766 0.78804983281299 1
0.43097408077595994 0.6773515773548543 0.5187284827392314 0
0.6140664791745323 0.3208657297528825 0.9815491075893175 1
0.9276252206877674 0.5940466141415397 0.48312326537117534 1
